7 23 13
7 23 13
7 23 14
7 23 14
7 23 15
7 23 15
7 23 16
7 23 16
7 23 17
7 23 17
7 23 18
7 23 18
7 23 19
7 23 19
7 22 19
7 22 19
7 22 18
7 22 18
7 22 17
7 22 17
7 22 16
7 22 16
7 22 15
7 22 15
7 22 14
7 22 14
6 22 14
6 22 14
6 22 15
6 22 15
6 22 16
6 22 16
6 22 17
6 22 17
6 22 18
6 22 18
6 22 19
6 22 19
6 23 19
6 23 19
6 23 18
6 23 18
6 23 17
6 23 17
6 23 16
6 23 16
6 23 15
6 23 15
6 23 14
6 23 14
6 23 13
6 23 13
5 23 14
5 23 14
5 23 15
5 23 15
5 23 16
5 23 16
5 23 18
5 23 18
5 23 19
5 23 19
5 22 19
5 22 19
5 22 18
5 22 18
5 22 16
5 22 16
5 22 15
5 22 15
5 22 14
5 22 14
4 22 14
4 22 14
4 22 15
4 22 15
4 22 16
4 22 16
4 22 17
4 22 17
4 22 18
4 22 18
4 22 19
4 22 19
4 22 20
4 22 20
4 23 20
4 23 20
4 23 19
4 23 19
4 23 18
4 23 18
4 23 17
4 23 17
4 23 16
4 23 16
4 23 15
4 23 15
4 23 14
4 23 14
