19610
19611
19612
19613
19614
19615
19616
19617
19618
19619
19620
19621
19622
19623
19640
19641
19642
19643
19644
19645
19646
19647
19648
19649
19650
19651
21820
21821
21822
21823
21824
21825
21826
21827
21828
21829
21830
21831
21848
21849
21850
21851
21852
21853
21854
21855
21856
21857
21858
21859
21860
21861
21916
21917
21918
21919
21920
21921
21924
21925
21926
21927
21944
21945
21946
21947
21950
21951
21952
21953
21954
21955
24124
24125
24126
24127
24128
24129
24130
24131
24132
24133
24134
24135
24136
24137
24150
24151
24152
24153
24154
24155
24156
24157
24158
24159
24160
24161
24162
24163
